Optimal QSPI phases for degrees considered in this work

Degree 1: [3.92699082, 1.18831717]
Degree 2: [3.14158545, 5.49778714, 2.14366189]
Degree 3: [3.95413797, 4.1344972, 0.05429256, 1.38243345]
Degree 4: [1.36652403, 3.4147937, 3.53677557, 5.36928697, 4.22445961]
Degree 5: [2.35619562, 2.16251256, 3.14159578, 3.53940905, 3.14159019, 0.74547365]
Degree 6: [3.47221108, 6.39322977, 2.03140306, 3.83763273, 3.34231622, 3.12090727, 2.11557662]
Degree 7: [4.44918921, 0.38949998, 2.922373, 0.58311111, 2.22541229, 3.34946588, 6.94736085, 1.55650721]
Degree 8: [4.40925344, 0.64010868, 6.12261423, 5.5679031, 3.86168694, 2.89580752, 3.41575066, 5.90281062, 1.47019342]
Degree 9: [2.28907563e+00, 5.32992720e-07, 5.29348575e+00, 3.14159173e+00, 5.76908827e+00, 6.28318418e+00, 1.07601037e+00, 8.43953820e-07, 3.63649790e+00, 8.83930272e-01]
Degree 10: [0.51225058, 0.75417921, 3.04459114, 0.66257205, 0.81209149, 2.41909505, 3.07485433, 2.86795647, 2.18691807, 0.36477988, 0.85439159]
Degree 11: [0.53318057, 0.38179323, 5.90292125, 3.61143081, 0.08996479, 5.11962931, 5.83420082, 5.81609809, 6.24367924, 0.67687692, 5.78068303, 0.65789585]
Degree 12: [3.58487941, 3.38203082, 0.11354016, 1.08176341, 3.47791685, 2.98483514, 3.77445565, 2.84576103, 5.7709177, 2.64519602, 2.16698018, 3.49721315, 0.24832305]
Degree 13: [3.5604268, 3.53539003, 6.24496916, 0.94611558, 3.65493259, 2.87248805, 3.4106715, 3.56083945, 5.31024663, 3.35290876, 2.31445542, 2.65849403, 3.04401507, 1.40109045]
Degree 15: [3.96027657, 3.3228269, 0.58410433, 0.67308454, 3.25323775, 2.61830191, 2.86563178, 3.8736934, 5.22492424, 2.92001249, 3.09553139, 3.16709671, 3.5727264, 0.77114436, 3.38987993, 1.57901798]
Degree 17: [4.01204606, 3.36302421, 0.61104152, 0.62579379, 3.06581316, 2.84454956, 2.33640641, 4.01871977, 5.71537902, 2.61609113, 3.50250199, 3.64457045, 3.78121014, 0.79085748, 2.97885651, 3.48682301, 3.08376274, 1.24845439]
